12270502  CUEVA FUENTES CINTHIA DELIA
2020      3         474.00
2020      4         632.00
2020      11        316.00
2020      12        474.00
12443643  LEE SERRANO ROSARIO
2020      10        474.00
2020      12        316.00
12858682  ZARATE PEREZ ALEXANDER
2020      2         474.00
2020      3         948.00
2020      4         474.00
2020      12        316.00
13219606  RODRIGUEZ MORENO BLANCA OFELIA
2020      4         790.00
2020      6         474.00
2020      7         474.00
2020      8         632.00
2020      9         316.00
2020      11        474.00
13628871  QUIROGA HERNANDEZ SILVANA ZKENIA
2020      1         2291.00
2020      3         2291.00
2020      5         316.00
15029228  VALVERDE MAEIREIZO MELVIN JAIR
2020      4         474.00
2020      7         316.00
2020      9         316.00
2020      11        1106.00
2020      12        316.00
15559308  BRAVO CORTES JANET FLOR
2020      3         1264.00
2020      6         316.00
2020      8         2607.00
2020      10        316.00
2020      11        316.00
16136330  YEP PRECIADO RICHARD
2020      6         474.00
2020      7         316.00
2020      9         316.00
16477908  BACA CAMACHO MILAGROS NATALIA
2020      3         316.00
2020      7         316.00
2020      8         0.00
2020      10        474.00
16925690  CABRERA TORO FANNY
2020      2         632.00
2020      4         316.00
2020      7         632.00
2020      8         1264.00
2020      11        316.00
2020      12        474.00
19568447  VEGA SORIA HENRRY
2020      8         316.00
2020      10        316.00
19963454  SALAMANCA CABRERA NESTOR EVERT
2020      1         1422.00
2020      2         316.00
2020      6         632.00
2020      8         474.00
2020      9         790.00
2020      10        790.00
21621497  AYALA CASTILLO ERICKA OFELIA
2020      1         316.00
2020      5         1027.00
24859596  FLORIAN CUBA CHRISTIAN
2020      2         316.00
2020      5         474.00
2020      9         474.00
2020      11        474.00
2020      12        316.00
25518120  RONDON CABRERA ALEXANDER ADOLFO
2020      1         316.00
2020      6         0.00
2020      7         316.00
2020      11        316.00
2020      12        632.00
26522329  SANCHEZ DEL CASTILLO FIORELLA ROSARIO
2020      2         0.00
2020      4         0.00
2020      5         316.00
2020      6         474.00
2020      8         316.00
27185429  SOLIS CHUNG ROLANDO
2020      2         316.00
2020      6         632.00
27864822  FIGUEROA MEDINA MADELEINE
2020      1         632.00
2020      2         316.00
2020      3         474.00
2020      5         158.00
2020      7         158.00
2020      8         316.00
28820944  RIOS ZAMORA INES
2020      3         316.00
2020      5         474.00
2020      6         316.00
2020      9         316.00
29833157  HIJAR LAM MARTIN
2020      1         316.00
2020      2         474.00
2020      3         474.00
2020      4         1264.00
2020      5         632.00
2020      6         316.00
2020      9         316.00
2020      10        1975.00
29989682  CAMACHO PAIRAZAMAN YDALI LUCERO
2020      1         158.00
2020      3         1264.00
2020      4         316.00
2020      7         474.00
2020      9         316.00
2020      10        316.00
2020      11        474.00
2020      12        790.00
30046639  SALAMANCA VEGA VIRGINIA MARTHA
2020      2         316.00
2020      3         316.00
2020      4         316.00
2020      5         316.00
2020      6         316.00
2020      7         474.00
2020      9         158.00
2020      10        316.00
2020      11        632.00
30441350  RETAMOSO SALAMANCA DELIA MARITZA
2020      2         790.00
2020      3         790.00
2020      4         316.00
2020      5         632.00
2020      9         632.00
2020      10        316.00
31107104  MOSCOSO ARIAS FIORELLA
2020      1         632.00
2020      5         316.00
2020      6         316.00
31205866  VIZCARRA MONTERO JAIR
2020      2         632.00
2020      4         316.00
32090869  SUELDO ANTEZANO LUIS JESUS
2020      1         474.00
2020      8         632.00
32244565  HENRIQUEZ PAREDES PAUL RAFAEL
2020      1         474.00
2020      2         790.00
2020      5         316.00
2020      7         1106.00
2020      8         316.00
2020      10        474.00
2020      11        1106.00
2020      12        316.00
34248357  LEYVA LANDEO NANCY SONIA
2020      1         474.00
2020      2         948.00
2020      4         316.00
2020      5         1422.00
2020      6         316.00
2020      7         790.00
2020      12        711.00
34976629  LOZADA ARGUEDAS FELICITA VALENTINA
2020      1         711.00
2020      2         316.00
2020      4         316.00
2020      5         316.00
2020      7         474.00
2020      9         158.00
2020      11        474.00
2020      12        316.00
35297848  ASTETE CHANG GUIDA
2020      7         316.00
2020      11        474.00
35671623  EPIQUEN YEP GUIDA VICTORIA
2020      2         474.00
2020      4         316.00
2020      5         1975.00
2020      8         1264.00
2020      9         316.00
35683701  DIAZ MOYA ELIA ANNIE
2020      5         316.00
2020      9         474.00
35912665  MARTINEZ CRUZ EVERT RONY
2020      6         790.00
2020      7         316.00
2020      10        316.00
2020      11        5925.00
2020      12        790.00
36079131  ZAVALETA VILCA ERICKA ELEONOR
2020      1         316.00
2020      7         474.00
2020      10        158.00
37080813  FLORIAN VALDERRAMA JOSE
2020      2         632.00
2020      5         474.00
2020      6         474.00
2020      8         0.00
38862473  WONG MAEIREIZO BEATRIZ
2020      3         790.00
2020      6         316.00
2020      8         790.00
2020      12        316.00
39244942  PENA SUAREZ GLENDA MARGOT
2020      7         316.00
2020      8         316.00
39544560  LUNA VARGAS WALDEMAR
2020      1         474.00
2020      5         316.00
2020      7         6399.00
2020      11        474.00
42956681  POMAJAMBO EGUSQUIZA PAUL
2020      3         474.00
2020      4         316.00
2020      12        790.00
43454884  ESPINOZA CHANG SHIRLEY
2020      7         316.00
2020      8         474.00
2020      9         316.00
2020      10        316.00
44188994  VILCARA YALLICO MAGALI
2020      3         316.00
2020      6         316.00
2020      8         3950.00
2020      10        948.00
44346371  ALFARO ALFARO ERICK BRUNO
2020      12        316.00
45043076  VEGA VILCARA CARMELA TERESA
2020      1         316.00
2020      2         474.00
2020      4         474.00
2020      7         316.00
2020      8         632.00
2020      10        790.00
2020      12        316.00
47528229  SAAVEDRA GONZALES WILMER
2020      3         474.00
2020      5         316.00
2020      6         316.00
2020      11        316.00
2020      12        316.00
47844324  VILCA LEE NESTOR HUGO
2020      3         158.00
2020      8         316.00
48450395  RAMIREZ ASTETE KARINA ESTEFANIA
2020      2         316.00
2020      3         474.00
2020      4         316.00
2020      5         316.00
2020      8         0.00
2020      12        474.00
48528209  ZAVALETA CORONADO FELICITA ELOISA
2020      2         316.00
2020      3         316.00
2020      5         0.00
2020      7         5925.00
48878256  RAFFO CORONADO ROLANDO
2020      1         316.00
2020      3         158.00
2020      5         790.00
2020      8         474.00
2020      9         474.00
2020      10        316.00
49428502  RIVERO CORTEZ WILVER ALFONSO
2020      3         316.00
2020      4         316.00
49927087  INGA PALOMARES ERIKA
2020      1         316.00
2020      3         316.00
2020      4         474.00
2020      5         316.00
2020      7         632.00
2020      8         3950.00
2020      9         316.00
50200823  LEYVA SAM DIANA DELIA
2020      2         948.00
2020      3         316.00
2020      4         474.00
2020      6         316.00
2020      10        316.00
50201756  ZEGARRA PENA CARMELA
2020      6         316.00
2020      8         316.00
2020      11        474.00
2020      12        316.00
51395324  TRIGUEROS PORTUGAL ARTURO FAUSTO
2020      9         158.00
52002275  CASANOVA ZEGARRA MARITZA
2020      2         474.00
2020      3         711.00
52003695  CARBAJAL SALAS MAGDA ZKENIA
2020      3         316.00
2020      9         632.00
53374153  SERRANO IBEROS FRANCISCO
2020      6         316.00
2020      8         6241.00
2020      11        316.00
2020      12        474.00
53853385  SOLIS NARVAEZ MARIA MADELEINE
2020      1         2212.00
2020      2         316.00
2020      5         316.00
2020      6         632.00
2020      7         316.00
2020      8         1975.00
2020      10        316.00
2020      11        316.00
2020      12        316.00
54141214  DURAND MIRANDA MIGUEL JUAN
2020      1         474.00
2020      3         790.00
2020      4         0.00
2020      6         474.00
2020      7         474.00
2020      9         316.00
2020      11        316.00
54447051  AVILA DEL CASTILLO ANNIE
2020      5         6557.00
2020      6         790.00
2020      9         316.00
2020      10        316.00
54665716  GONZALES GAMARRA GIOVANA KARINA
2020      2         316.00
2020      6         316.00
58992942  NARVAEZ CASTILLO JESUS RAFAEL
2020      1         316.00
2020      2         790.00
2020      7         790.00
2020      8         158.00
2020      12        316.00
60335381  DIAZ TANG ENRIQUE
2020      5         316.00
2020      7         316.00
2020      8         316.00
2020      10        316.00
2020      11        316.00
60784914  RUIZ ZEVALLOS WALTER RONY
2020      1         158.00
2020      2         948.00
2020      3         316.00
2020      5         1422.00
2020      6         948.00
2020      11        316.00
2020      12        316.00
63291514  LAU ZAVALETA YDALI ELIA
2020      8         316.00
2020      12        158.00
63736112  ZAMORA ZAVALETA RONAL MANUEL
2020      3         316.00
2020      4         3950.00
2020      11        316.00
64178096  VIZCARRA CARBAJAL IVAN FAUSTO
2020      3         632.00
2020      5         316.00
2020      6         711.00
2020      9         474.00
2020      10        948.00
2020      11        790.00
64532449  INFANTES MERCADO LUIS WALDEMAR
2020      2         632.00
2020      5         474.00
2020      7         316.00
2020      8         3950.00
2020      10        474.00
2020      11        158.00
66849703  MERCADO CORONEL ELIA
2020      2         632.00
2020      4         316.00
2020      6         474.00
2020      7         316.00
2020      10        316.00
2020      11        316.00
67185679  FLORENCIO CORONADO ALONSO
2020      1         158.00
2020      2         474.00
2020      3         632.00
2020      4         632.00
2020      5         316.00
2020      8         474.00
2020      9         474.00
2020      12        474.00
68303148  PATINO BOLANOS DELICIA VIRGINIA
2020      4         316.00
2020      8         316.00
68310808  CANO POLO MILAGROS ISABEL
2020      4         316.00
2020      8         0.00
2020      10        790.00
69252518  GORDILLO SANCHEZ RONALD JUVENAL
2020      6         632.00
2020      8         1975.00
2020      10        1264.00
69494747  MENDOZA ROMERO VIRGINIA YDALI
2020      8         316.00
2020      9         316.00
70414420  AVILA REYES TATIANA
2020      2         316.00
2020      6         3950.00
2020      7         474.00
2020      11        948.00
71578206  ARROYO TOMASICHE NATALIA
2020      2         316.00
2020      6         474.00
2020      7         316.00
2020      8         1106.00
2020      9         474.00
2020      10        474.00
2020      11        1264.00
71832810  SUELDO SEDANO ADRIA
2020      1         316.00
2020      3         316.00
2020      8         316.00
73357516  TRIGUEROS JUGO LUZ
2020      1         316.00
2020      2         316.00
2020      3         632.00
2020      5         316.00
2020      8         316.00
2020      10        474.00
2020      12        316.00
73567806  ARCA SANCHEZ MAGALI BEATRIZ
2020      1         9164.00
2020      3         158.00
2020      4         316.00
2020      7         948.00
2020      9         790.00
2020      10        158.00
2020      11        632.00
2020      12        316.00
73818744  FUENTES GAMARRA HUGO
2020      5         474.00
2020      6         474.00
2020      8         158.00
2020      10        316.00
73972114  AVILA MARTEL JAIME MANUEL
2020      1         790.00
2020      2         790.00
2020      3         316.00
2020      10        316.00
2020      11        790.00
2020      12        316.00
74325123  TANG MOSCOSO JOHANA
2020      2         316.00
2020      3         316.00
2020      8         316.00
2020      9         948.00
75348522  LOZADA FORZANI DELIA
2020      2         316.00
2020      8         632.00
2020      11        316.00
75945248  MEJIA RODRIGUEZ INES VALENTINA
2020      4         316.00
77367073  JAUREGUI DEL CASTILLO VICTOR RICARDO
2020      1         316.00
2020      2         474.00
2020      5         1422.00
2020      7         2291.00
2020      10        474.00
2020      12        632.00
77763722  FARFAN SALAZAR MARGOT
2020      1         948.00
2020      2         316.00
2020      3         632.00
2020      6         474.00
2020      11        948.00
79641328  TOKESHI GUEVARA JAIME
2020      1         316.00
2020      2         632.00
2020      4         158.00
2020      11        0.00
2020      12        316.00
79672079  CONTRERAS CHANG JOHANA CINTHIA
2020      1         316.00
2020      3         316.00
2020      4         316.00
2020      6         474.00
2020      8         316.00
2020      9         316.00
2020      10        632.00
2020      11        158.00
79766395  FUENTES ESCALANTE PATRICIA ELIZABETH
2020      1         474.00
2020      3         158.00
2020      4         2133.00
2020      5         790.00
2020      7         316.00
2020      10        316.00
2020      11        474.00
80310768  MINAYA BERROCAL HELI
2020      3         790.00
2020      6         474.00
80457845  NORABUENA MOYA HECTOR
2020      2         632.00
2020      3         316.00
2020      4         474.00
2020      11        316.00
81485316  JUSTINO MARTINEZ ENRIQUE
2020      1         474.00
2020      4         474.00
2020      11        316.00
2020      12        316.00
81528434  EPIQUEN AVILA ENRIQUE
2020      1         1264.00
2020      4         316.00
2020      6         158.00
2020      8         474.00
81799482  CERNA CERNA CINTHIA
2020      6         0.00
2020      8         316.00
82031355  EGUSQUIZA BERROCAL DORIS NANCY
2020      1         1975.00
2020      3         632.00
2020      4         316.00
2020      9         632.00
2020      11        316.00
82870470  SEDANO RETAMOSO ELIA YOLANDA
2020      1         316.00
2020      3         316.00
2020      7         316.00
2020      9         474.00
2020      10        316.00
2020      12        316.00
84186239  RIVERO CORONADO HECTOR ALONSO
2020      6         474.00
2020      11        474.00
2020      12        316.00
85501710  VIZCARDO SINCHE MARIBEL
2020      2         316.00
2020      4         711.00
2020      9         316.00
2020      10        790.00
86429854  MOSCOSO LAURA JANET VALENTINA
2020      2         316.00
2020      4         1738.00
2020      5         474.00
2020      7         316.00
2020      10        316.00
2020      11        5925.00
86718074  ESCALANTE ROJAS INES ADRIA
2020      3         316.00
2020      8         948.00
2020      9         4266.00
2020      10        316.00
87282766  SUAREZ CHANG GLORIA
2020      1         474.00
2020      5         632.00
2020      9         316.00
2020      10        632.00
2020      12        316.00
87495937  MORALES PASQUEL KARIN MARIBEL
2020      1         316.00
2020      2         316.00
2020      3         632.00
2020      5         316.00
2020      8         474.00
2020      10        632.00
2020      11        3950.00
88167677  PRADO VERA JUAN
2020      1         316.00
2020      2         790.00
2020      4         316.00
2020      5         790.00
2020      6         790.00
2020      7         948.00
2020      8         474.00
2020      9         474.00
88854166  PINTO ROJAS JUVENAL FRANCISCO
2020      5         474.00
2020      6         632.00
2020      9         474.00
2020      12        316.00
89314225  RIOS DURAND CARLOS EDILBERTO
2020      1         316.00
2020      2         5925.00
2020      6         316.00
2020      12        316.00
89941095  ARCA LARRIEGA LUCERO YLIANA
2020      1         474.00
2020      6         474.00
2020      7         316.00
2020      8         474.00
2020      9         1027.00
2020      11        0.00
90467829  IPARRAGUIRRE PEREZ NICOLAS
2020      2         316.00
2020      6         316.00
2020      7         474.00
2020      9         316.00
2020      10        1422.00
2020      11        316.00
96693273  VALDERRAMA BERROCAL EVERT
2020      2         316.00
2020      4         316.00
2020      5         316.00
2020      7         316.00
2020      8         316.00
2020      10        2607.00
2020      12        790.00
97849227  PRADO ESPINOZA MILAGROS
2020      1         316.00
2020      2         474.00
2020      6         790.00
2020      7         5925.00
2020      10        474.00
99950484  CORTES CORTEZ RAUL ALEX
2020      3         474.00
2020      5         632.00
2020      7         1106.00
2020      12        316.00
